Step      Train loss    Test loss     Test metric   
0         [1.03e-02]    [9.85e-03]    [1.27e+00]    
1000      [1.30e-04]    [1.29e-04]    [1.72e-01]    
2000      [6.67e-05]    [6.83e-05]    [1.35e-01]    
3000      [4.93e-05]    [5.17e-05]    [1.22e-01]    
4000      [4.37e-05]    [4.61e-05]    [1.16e-01]    
5000      [4.12e-05]    [4.35e-05]    [1.13e-01]    
6000      [3.95e-05]    [4.17e-05]    [1.11e-01]    
7000      [6.53e-05]    [6.59e-05]    [1.31e-01]    
8000      [3.54e-05]    [3.73e-05]    [1.10e-01]    
9000      [2.89e-05]    [3.08e-05]    [1.09e-01]    
10000     [2.73e-05]    [2.90e-05]    [1.10e-01]    
11000     [3.04e-05]    [3.16e-05]    [1.13e-01]    
12000     [8.70e-05]    [8.63e-05]    [1.47e-01]    
13000     [2.63e-05]    [2.71e-05]    [1.01e-01]    
14000     [2.88e-05]    [2.92e-05]    [9.88e-02]    
15000     [1.88e-05]    [1.94e-05]    [8.07e-02]    
16000     [1.65e-05]    [1.70e-05]    [7.43e-02]    
17000     [1.82e-05]    [1.85e-05]    [7.20e-02]    
18000     [1.51e-05]    [1.54e-05]    [6.65e-02]    
19000     [1.48e-05]    [1.50e-05]    [6.50e-02]    
20000     [1.62e-05]    [1.62e-05]    [6.50e-02]    
21000     [1.38e-05]    [1.39e-05]    [6.15e-02]    
22000     [1.25e-05]    [1.25e-05]    [5.92e-02]    
23000     [1.31e-05]    [1.31e-05]    [5.94e-02]    
24000     [1.17e-05]    [1.17e-05]    [5.74e-02]    
25000     [1.13e-05]    [1.12e-05]    [5.67e-02]    
26000     [1.38e-05]    [1.36e-05]    [6.02e-02]    
27000     [1.14e-05]    [1.12e-05]    [5.63e-02]    
28000     [1.48e-05]    [1.45e-05]    [6.09e-02]    
29000     [1.11e-05]    [1.09e-05]    [5.52e-02]    
30000     [1.03e-05]    [1.00e-05]    [5.36e-02]    
31000     [1.12e-05]    [1.10e-05]    [5.50e-02]    
32000     [9.88e-06]    [9.62e-06]    [5.26e-02]    
33000     [9.33e-06]    [9.05e-06]    [5.15e-02]    
34000     [1.15e-05]    [1.11e-05]    [5.43e-02]    
35000     [8.94e-06]    [8.71e-06]    [5.05e-02]    
36000     [8.62e-06]    [8.36e-06]    [4.98e-02]    
37000     [8.70e-06]    [8.48e-06]    [4.99e-02]    
38000     [8.59e-06]    [8.36e-06]    [4.92e-02]    
39000     [8.98e-06]    [8.73e-06]    [5.00e-02]    
40000     [8.20e-06]    [8.03e-06]    [4.84e-02]    
41000     [8.02e-06]    [7.90e-06]    [4.80e-02]    
42000     [9.87e-06]    [9.61e-06]    [5.09e-02]    
43000     [7.84e-06]    [7.70e-06]    [4.75e-02]    
44000     [8.01e-06]    [7.92e-06]    [4.77e-02]    
45000     [7.53e-06]    [7.42e-06]    [4.65e-02]    
46000     [7.36e-06]    [7.33e-06]    [4.62e-02]    
47000     [7.55e-06]    [7.49e-06]    [4.63e-02]    
48000     [9.91e-06]    [9.80e-06]    [5.02e-02]    
49000     [7.66e-06]    [7.58e-06]    [4.60e-02]    
50000     [8.10e-06]    [7.99e-06]    [4.65e-02]    
51000     [7.45e-06]    [7.29e-06]    [4.53e-02]    
52000     [6.91e-06]    [6.87e-06]    [4.42e-02]    
53000     [6.66e-06]    [6.57e-06]    [4.34e-02]    
54000     [7.20e-06]    [7.18e-06]    [4.45e-02]    
55000     [7.61e-06]    [7.50e-06]    [4.48e-02]    
56000     [6.48e-06]    [6.50e-06]    [4.27e-02]    
57000     [6.37e-06]    [6.37e-06]    [4.23e-02]    
58000     [6.95e-06]    [6.84e-06]    [4.30e-02]    
59000     [6.97e-06]    [6.83e-06]    [4.30e-02]    
60000     [7.64e-06]    [7.55e-06]    [4.40e-02]    
61000     [6.10e-06]    [6.07e-06]    [4.11e-02]    
62000     [5.95e-06]    [5.86e-06]    [4.06e-02]    
63000     [6.03e-06]    [5.93e-06]    [4.06e-02]    
64000     [6.14e-06]    [5.98e-06]    [4.06e-02]    
65000     [5.89e-06]    [5.78e-06]    [4.02e-02]    
66000     [6.28e-06]    [6.20e-06]    [4.08e-02]    
67000     [7.06e-06]    [6.95e-06]    [4.22e-02]    
68000     [5.57e-06]    [5.47e-06]    [3.91e-02]    
69000     [5.52e-06]    [5.41e-06]    [3.88e-02]    
70000     [5.56e-06]    [5.45e-06]    [3.89e-02]    
71000     [5.31e-06]    [5.21e-06]    [3.84e-02]    
72000     [5.38e-06]    [5.30e-06]    [3.85e-02]    
73000     [5.26e-06]    [5.18e-06]    [3.81e-02]    
74000     [5.29e-06]    [5.14e-06]    [3.79e-02]    
75000     [6.62e-06]    [6.41e-06]    [4.05e-02]    
76000     [5.16e-06]    [5.09e-06]    [3.77e-02]    
77000     [5.58e-06]    [5.42e-06]    [3.83e-02]    
78000     [5.15e-06]    [5.08e-06]    [3.74e-02]    
79000     [7.71e-06]    [7.56e-06]    [4.22e-02]    
80000     [5.94e-06]    [5.78e-06]    [3.86e-02]    
81000     [5.84e-06]    [5.76e-06]    [3.86e-02]    
82000     [5.05e-06]    [4.93e-06]    [3.68e-02]    
83000     [5.43e-06]    [5.33e-06]    [3.74e-02]    
84000     [5.06e-06]    [5.00e-06]    [3.67e-02]    
85000     [4.95e-06]    [4.88e-06]    [3.64e-02]    
86000     [4.78e-06]    [4.70e-06]    [3.59e-02]    
87000     [5.19e-06]    [5.08e-06]    [3.66e-02]    
88000     [4.95e-06]    [4.84e-06]    [3.61e-02]    
89000     [4.81e-06]    [4.73e-06]    [3.58e-02]    
90000     [5.14e-06]    [5.06e-06]    [3.66e-02]    
91000     [4.74e-06]    [4.64e-06]    [3.56e-02]    
92000     [4.84e-06]    [4.72e-06]    [3.56e-02]    
93000     [6.12e-06]    [5.83e-06]    [3.81e-02]    
94000     [4.63e-06]    [4.57e-06]    [3.51e-02]    
95000     [4.95e-06]    [4.82e-06]    [3.57e-02]    
96000     [5.10e-06]    [4.98e-06]    [3.60e-02]    
97000     [5.34e-06]    [5.20e-06]    [3.63e-02]    
98000     [5.38e-06]    [5.30e-06]    [3.66e-02]    
99000     [4.51e-06]    [4.42e-06]    [3.46e-02]    
100000    [4.61e-06]    [4.52e-06]    [3.47e-02]    
101000    [4.51e-06]    [4.42e-06]    [3.45e-02]    
102000    [4.87e-06]    [4.77e-06]    [3.52e-02]    
103000    [4.58e-06]    [4.47e-06]    [3.45e-02]    
104000    [4.37e-06]    [4.29e-06]    [3.41e-02]    
105000    [5.17e-06]    [4.99e-06]    [3.57e-02]    
106000    [5.41e-06]    [5.38e-06]    [3.64e-02]    
107000    [4.69e-06]    [4.55e-06]    [3.45e-02]    
108000    [4.48e-06]    [4.41e-06]    [3.42e-02]    
109000    [4.42e-06]    [4.36e-06]    [3.40e-02]    
110000    [4.56e-06]    [4.46e-06]    [3.42e-02]    
111000    [4.30e-06]    [4.22e-06]    [3.36e-02]    
112000    [4.34e-06]    [4.26e-06]    [3.38e-02]    
113000    [4.64e-06]    [4.50e-06]    [3.42e-02]    
114000    [4.26e-06]    [4.19e-06]    [3.34e-02]    
115000    [4.29e-06]    [4.21e-06]    [3.34e-02]    
116000    [4.31e-06]    [4.23e-06]    [3.34e-02]    
117000    [4.24e-06]    [4.17e-06]    [3.32e-02]    
118000    [4.32e-06]    [4.23e-06]    [3.33e-02]    
119000    [4.52e-06]    [4.43e-06]    [3.39e-02]    
120000    [4.20e-06]    [4.08e-06]    [3.29e-02]    
121000    [4.42e-06]    [4.32e-06]    [3.35e-02]    
122000    [4.22e-06]    [4.07e-06]    [3.29e-02]    
123000    [4.32e-06]    [4.25e-06]    [3.32e-02]    
124000    [4.16e-06]    [4.07e-06]    [3.29e-02]    
125000    [4.24e-06]    [4.13e-06]    [3.29e-02]    
126000    [4.06e-06]    [4.00e-06]    [3.25e-02]    
127000    [4.27e-06]    [4.19e-06]    [3.30e-02]    
128000    [4.11e-06]    [4.07e-06]    [3.27e-02]    
129000    [4.20e-06]    [4.14e-06]    [3.28e-02]    
130000    [4.14e-06]    [4.07e-06]    [3.26e-02]    
131000    [4.23e-06]    [4.14e-06]    [3.28e-02]    
132000    [4.52e-06]    [4.42e-06]    [3.34e-02]    
133000    [4.21e-06]    [4.16e-06]    [3.27e-02]    
134000    [4.51e-06]    [4.39e-06]    [3.32e-02]    
135000    [4.09e-06]    [4.02e-06]    [3.23e-02]    
136000    [4.25e-06]    [4.17e-06]    [3.27e-02]    
137000    [4.11e-06]    [4.01e-06]    [3.22e-02]    
138000    [5.18e-06]    [4.93e-06]    [3.44e-02]    
139000    [4.40e-06]    [4.33e-06]    [3.30e-02]    
140000    [4.63e-06]    [4.52e-06]    [3.35e-02]    
141000    [4.51e-06]    [4.40e-06]    [3.30e-02]    
142000    [4.01e-06]    [3.92e-06]    [3.20e-02]    
143000    [3.93e-06]    [3.86e-06]    [3.18e-02]    
144000    [3.89e-06]    [3.82e-06]    [3.17e-02]    
145000    [4.03e-06]    [3.93e-06]    [3.19e-02]    
146000    [3.99e-06]    [3.95e-06]    [3.19e-02]    
147000    [3.95e-06]    [3.85e-06]    [3.17e-02]    
148000    [4.04e-06]    [3.97e-06]    [3.19e-02]    
149000    [4.06e-06]    [3.95e-06]    [3.18e-02]    
150000    [3.89e-06]    [3.84e-06]    [3.15e-02]    
151000    [3.94e-06]    [3.87e-06]    [3.16e-02]    
152000    [3.84e-06]    [3.76e-06]    [3.13e-02]    
153000    [3.84e-06]    [3.79e-06]    [3.14e-02]    
154000    [3.80e-06]    [3.73e-06]    [3.12e-02]    
155000    [4.04e-06]    [3.91e-06]    [3.16e-02]    
156000    [3.94e-06]    [3.88e-06]    [3.15e-02]    
157000    [3.80e-06]    [3.74e-06]    [3.11e-02]    
158000    [3.78e-06]    [3.69e-06]    [3.10e-02]    
159000    [3.94e-06]    [3.85e-06]    [3.13e-02]    
160000    [3.81e-06]    [3.72e-06]    [3.11e-02]    
161000    [3.76e-06]    [3.68e-06]    [3.09e-02]    
162000    [4.15e-06]    [4.06e-06]    [3.19e-02]    
163000    [3.99e-06]    [3.90e-06]    [3.14e-02]    
164000    [3.78e-06]    [3.70e-06]    [3.09e-02]    
165000    [3.75e-06]    [3.68e-06]    [3.09e-02]    
166000    [3.77e-06]    [3.69e-06]    [3.08e-02]    
167000    [3.85e-06]    [3.80e-06]    [3.11e-02]    
168000    [3.96e-06]    [3.91e-06]    [3.14e-02]    
169000    [3.79e-06]    [3.71e-06]    [3.09e-02]    
170000    [3.70e-06]    [3.63e-06]    [3.07e-02]    
171000    [3.72e-06]    [3.65e-06]    [3.07e-02]    
172000    [3.74e-06]    [3.67e-06]    [3.07e-02]    
173000    [3.80e-06]    [3.75e-06]    [3.09e-02]    
174000    [3.69e-06]    [3.61e-06]    [3.04e-02]    
175000    [3.64e-06]    [3.59e-06]    [3.04e-02]    
176000    [3.74e-06]    [3.64e-06]    [3.05e-02]    
177000    [3.68e-06]    [3.63e-06]    [3.04e-02]    
178000    [3.66e-06]    [3.59e-06]    [3.03e-02]    
179000    [3.65e-06]    [3.59e-06]    [3.04e-02]    
180000    [3.70e-06]    [3.62e-06]    [3.04e-02]    
181000    [3.72e-06]    [3.64e-06]    [3.04e-02]    
182000    [3.88e-06]    [3.79e-06]    [3.08e-02]    
183000    [3.64e-06]    [3.59e-06]    [3.03e-02]    
184000    [3.75e-06]    [3.70e-06]    [3.06e-02]    
185000    [3.96e-06]    [3.85e-06]    [3.09e-02]    
186000    [3.80e-06]    [3.70e-06]    [3.05e-02]    
187000    [3.83e-06]    [3.78e-06]    [3.07e-02]    
188000    [3.91e-06]    [3.84e-06]    [3.09e-02]    
189000    [3.59e-06]    [3.54e-06]    [3.01e-02]    
190000    [3.75e-06]    [3.65e-06]    [3.03e-02]    
191000    [3.57e-06]    [3.50e-06]    [2.99e-02]    
192000    [3.57e-06]    [3.51e-06]    [3.00e-02]    
193000    [3.57e-06]    [3.51e-06]    [3.00e-02]    
194000    [3.65e-06]    [3.57e-06]    [3.01e-02]    
195000    [3.59e-06]    [3.50e-06]    [2.99e-02]    
196000    [3.60e-06]    [3.52e-06]    [3.01e-02]    
197000    [3.68e-06]    [3.60e-06]    [3.02e-02]    
198000    [3.54e-06]    [3.43e-06]    [2.98e-02]    
199000    [3.58e-06]    [3.47e-06]    [2.99e-02]    
200000    [3.61e-06]    [3.51e-06]    [2.99e-02]    
201000    [3.62e-06]    [3.49e-06]    [2.99e-02]    
202000    [3.69e-06]    [3.57e-06]    [3.00e-02]    
203000    [3.47e-06]    [3.36e-06]    [2.95e-02]    
204000    [3.58e-06]    [3.48e-06]    [2.99e-02]    
205000    [3.44e-06]    [3.32e-06]    [2.95e-02]    
206000    [3.45e-06]    [3.32e-06]    [2.95e-02]    
207000    [3.63e-06]    [3.51e-06]    [3.00e-02]    
208000    [3.47e-06]    [3.33e-06]    [2.95e-02]    
209000    [3.49e-06]    [3.39e-06]    [2.96e-02]    
210000    [3.52e-06]    [3.40e-06]    [2.97e-02]    
211000    [3.51e-06]    [3.40e-06]    [2.97e-02]    
212000    [3.44e-06]    [3.32e-06]    [2.95e-02]    
213000    [3.40e-06]    [3.27e-06]    [2.93e-02]    
214000    [3.39e-06]    [3.26e-06]    [2.93e-02]    
215000    [3.36e-06]    [3.25e-06]    [2.92e-02]    
216000    [3.49e-06]    [3.37e-06]    [2.95e-02]    
217000    [3.50e-06]    [3.38e-06]    [2.95e-02]    
218000    [3.86e-06]    [3.70e-06]    [3.04e-02]    
219000    [3.41e-06]    [3.29e-06]    [2.93e-02]    
220000    [3.59e-06]    [3.44e-06]    [2.97e-02]    
221000    [3.34e-06]    [3.21e-06]    [2.91e-02]    
222000    [3.49e-06]    [3.37e-06]    [2.95e-02]    
223000    [3.30e-06]    [3.19e-06]    [2.90e-02]    
224000    [3.44e-06]    [3.30e-06]    [2.93e-02]    
225000    [3.32e-06]    [3.20e-06]    [2.90e-02]    
226000    [3.31e-06]    [3.19e-06]    [2.90e-02]    
227000    [3.50e-06]    [3.36e-06]    [2.94e-02]    
228000    [3.30e-06]    [3.18e-06]    [2.89e-02]    
229000    [3.37e-06]    [3.26e-06]    [2.91e-02]    
230000    [3.27e-06]    [3.15e-06]    [2.88e-02]    
231000    [3.49e-06]    [3.38e-06]    [2.94e-02]    
232000    [3.35e-06]    [3.23e-06]    [2.90e-02]    
233000    [3.40e-06]    [3.28e-06]    [2.91e-02]    
234000    [3.27e-06]    [3.14e-06]    [2.87e-02]    
235000    [3.41e-06]    [3.27e-06]    [2.91e-02]    
236000    [3.27e-06]    [3.15e-06]    [2.87e-02]    
237000    [3.22e-06]    [3.11e-06]    [2.86e-02]    
238000    [3.24e-06]    [3.12e-06]    [2.86e-02]    
239000    [3.25e-06]    [3.14e-06]    [2.86e-02]    
240000    [3.29e-06]    [3.16e-06]    [2.87e-02]    
241000    [3.34e-06]    [3.21e-06]    [2.88e-02]    
242000    [3.22e-06]    [3.10e-06]    [2.85e-02]    
243000    [3.61e-06]    [3.49e-06]    [2.95e-02]    
244000    [3.16e-06]    [3.05e-06]    [2.84e-02]    
245000    [3.32e-06]    [3.18e-06]    [2.87e-02]    
246000    [3.19e-06]    [3.08e-06]    [2.84e-02]    
247000    [3.22e-06]    [3.10e-06]    [2.85e-02]    
248000    [3.23e-06]    [3.10e-06]    [2.85e-02]    
249000    [3.16e-06]    [3.04e-06]    [2.83e-02]    
250000    [3.13e-06]    [3.02e-06]    [2.82e-02]    
