Step      Train loss    Test loss     Test metric   
0         [4.04e-01]    [4.13e-01]    [1.11e+00]    
1000      [8.46e-02]    [8.93e-02]    [6.33e-01]    
2000      [1.01e-01]    [1.07e-01]    [6.78e-01]    
3000      [6.20e-02]    [6.63e-02]    [5.67e-01]    
4000      [5.27e-02]    [5.68e-02]    [5.44e-01]    
5000      [8.09e-02]    [8.59e-02]    [6.38e-01]    
6000      [4.69e-02]    [5.03e-02]    [5.23e-01]    
7000      [4.91e-02]    [5.26e-02]    [5.35e-01]    
8000      [4.89e-02]    [5.21e-02]    [5.36e-01]    
9000      [4.26e-02]    [4.52e-02]    [5.05e-01]    
10000     [4.23e-02]    [4.48e-02]    [4.98e-01]    
11000     [4.01e-02]    [4.24e-02]    [4.81e-01]    
12000     [4.04e-02]    [4.26e-02]    [4.75e-01]    
13000     [3.72e-02]    [3.92e-02]    [4.51e-01]    
14000     [4.14e-02]    [4.36e-02]    [4.57e-01]    
15000     [3.54e-02]    [3.75e-02]    [4.27e-01]    
16000     [3.40e-02]    [3.60e-02]    [4.16e-01]    
17000     [3.20e-02]    [3.40e-02]    [4.03e-01]    
18000     [3.14e-02]    [3.33e-02]    [4.00e-01]    
19000     [3.08e-02]    [3.26e-02]    [3.96e-01]    
20000     [2.93e-02]    [3.10e-02]    [3.90e-01]    
21000     [2.85e-02]    [3.01e-02]    [3.87e-01]    
22000     [2.81e-02]    [2.97e-02]    [3.86e-01]    
23000     [2.74e-02]    [2.90e-02]    [3.83e-01]    
24000     [2.71e-02]    [2.87e-02]    [3.81e-01]    
25000     [2.67e-02]    [2.82e-02]    [3.79e-01]    
26000     [2.79e-02]    [2.93e-02]    [3.84e-01]    
27000     [2.63e-02]    [2.75e-02]    [3.76e-01]    
28000     [2.60e-02]    [2.71e-02]    [3.76e-01]    
29000     [2.54e-02]    [2.65e-02]    [3.73e-01]    
30000     [2.49e-02]    [2.60e-02]    [3.71e-01]    
31000     [2.45e-02]    [2.56e-02]    [3.70e-01]    
32000     [2.47e-02]    [2.57e-02]    [3.70e-01]    
33000     [2.38e-02]    [2.47e-02]    [3.65e-01]    
34000     [2.34e-02]    [2.42e-02]    [3.62e-01]    
35000     [2.31e-02]    [2.39e-02]    [3.60e-01]    
36000     [2.29e-02]    [2.36e-02]    [3.58e-01]    
37000     [2.22e-02]    [2.29e-02]    [3.54e-01]    
38000     [2.19e-02]    [2.25e-02]    [3.50e-01]    
39000     [2.16e-02]    [2.22e-02]    [3.47e-01]    
40000     [2.16e-02]    [2.22e-02]    [3.46e-01]    
41000     [2.13e-02]    [2.18e-02]    [3.42e-01]    
42000     [2.08e-02]    [2.13e-02]    [3.38e-01]    
43000     [2.08e-02]    [2.13e-02]    [3.37e-01]    
44000     [2.02e-02]    [2.07e-02]    [3.33e-01]    
45000     [2.03e-02]    [2.08e-02]    [3.33e-01]    
46000     [2.05e-02]    [2.10e-02]    [3.33e-01]    
47000     [1.97e-02]    [2.01e-02]    [3.28e-01]    
48000     [1.97e-02]    [2.01e-02]    [3.27e-01]    
49000     [1.95e-02]    [1.99e-02]    [3.24e-01]    
50000     [1.94e-02]    [1.98e-02]    [3.23e-01]    
51000     [1.97e-02]    [2.00e-02]    [3.24e-01]    
52000     [1.91e-02]    [1.95e-02]    [3.20e-01]    
53000     [1.91e-02]    [1.95e-02]    [3.20e-01]    
54000     [1.88e-02]    [1.91e-02]    [3.17e-01]    
55000     [1.87e-02]    [1.90e-02]    [3.16e-01]    
56000     [1.86e-02]    [1.89e-02]    [3.15e-01]    
57000     [1.84e-02]    [1.87e-02]    [3.13e-01]    
58000     [1.85e-02]    [1.88e-02]    [3.13e-01]    
59000     [1.84e-02]    [1.87e-02]    [3.11e-01]    
60000     [1.83e-02]    [1.85e-02]    [3.10e-01]    
61000     [1.82e-02]    [1.84e-02]    [3.09e-01]    
62000     [1.80e-02]    [1.82e-02]    [3.07e-01]    
63000     [1.81e-02]    [1.83e-02]    [3.08e-01]    
64000     [1.79e-02]    [1.81e-02]    [3.06e-01]    
65000     [1.79e-02]    [1.81e-02]    [3.06e-01]    
66000     [1.76e-02]    [1.78e-02]    [3.04e-01]    
67000     [1.75e-02]    [1.77e-02]    [3.03e-01]    
68000     [1.75e-02]    [1.76e-02]    [3.03e-01]    
69000     [1.77e-02]    [1.78e-02]    [3.04e-01]    
70000     [1.75e-02]    [1.76e-02]    [3.02e-01]    
71000     [1.74e-02]    [1.75e-02]    [3.01e-01]    
72000     [1.72e-02]    [1.73e-02]    [3.00e-01]    
73000     [1.71e-02]    [1.72e-02]    [2.99e-01]    
74000     [1.70e-02]    [1.71e-02]    [2.98e-01]    
75000     [1.70e-02]    [1.70e-02]    [2.97e-01]    
76000     [1.70e-02]    [1.71e-02]    [2.97e-01]    
77000     [1.70e-02]    [1.70e-02]    [2.96e-01]    
78000     [1.70e-02]    [1.71e-02]    [2.97e-01]    
79000     [1.67e-02]    [1.67e-02]    [2.94e-01]    
80000     [1.67e-02]    [1.68e-02]    [2.94e-01]    
81000     [1.66e-02]    [1.66e-02]    [2.93e-01]    
82000     [1.66e-02]    [1.66e-02]    [2.93e-01]    
83000     [1.65e-02]    [1.65e-02]    [2.92e-01]    
84000     [1.64e-02]    [1.64e-02]    [2.90e-01]    
85000     [1.64e-02]    [1.65e-02]    [2.91e-01]    
86000     [1.63e-02]    [1.63e-02]    [2.90e-01]    
87000     [1.62e-02]    [1.62e-02]    [2.89e-01]    
88000     [1.62e-02]    [1.62e-02]    [2.89e-01]    
89000     [1.62e-02]    [1.63e-02]    [2.89e-01]    
90000     [1.60e-02]    [1.60e-02]    [2.87e-01]    
91000     [1.60e-02]    [1.60e-02]    [2.87e-01]    
92000     [1.59e-02]    [1.59e-02]    [2.86e-01]    
93000     [1.61e-02]    [1.61e-02]    [2.87e-01]    
94000     [1.58e-02]    [1.58e-02]    [2.84e-01]    
95000     [1.59e-02]    [1.58e-02]    [2.85e-01]    
96000     [1.57e-02]    [1.57e-02]    [2.83e-01]    
97000     [1.57e-02]    [1.57e-02]    [2.83e-01]    
98000     [1.56e-02]    [1.56e-02]    [2.83e-01]    
99000     [1.56e-02]    [1.56e-02]    [2.82e-01]    
100000    [1.55e-02]    [1.55e-02]    [2.81e-01]    
101000    [1.57e-02]    [1.57e-02]    [2.83e-01]    
102000    [1.54e-02]    [1.54e-02]    [2.80e-01]    
103000    [1.55e-02]    [1.54e-02]    [2.80e-01]    
104000    [1.54e-02]    [1.53e-02]    [2.79e-01]    
105000    [1.53e-02]    [1.53e-02]    [2.79e-01]    
106000    [1.53e-02]    [1.52e-02]    [2.78e-01]    
107000    [1.52e-02]    [1.52e-02]    [2.78e-01]    
108000    [1.52e-02]    [1.52e-02]    [2.77e-01]    
109000    [1.53e-02]    [1.53e-02]    [2.78e-01]    
110000    [1.53e-02]    [1.53e-02]    [2.78e-01]    
111000    [1.51e-02]    [1.50e-02]    [2.76e-01]    
112000    [1.51e-02]    [1.50e-02]    [2.75e-01]    
113000    [1.51e-02]    [1.50e-02]    [2.75e-01]    
114000    [1.50e-02]    [1.49e-02]    [2.75e-01]    
115000    [1.51e-02]    [1.50e-02]    [2.75e-01]    
116000    [1.49e-02]    [1.48e-02]    [2.73e-01]    
117000    [1.51e-02]    [1.50e-02]    [2.74e-01]    
118000    [1.48e-02]    [1.48e-02]    [2.73e-01]    
119000    [1.48e-02]    [1.47e-02]    [2.73e-01]    
120000    [1.49e-02]    [1.48e-02]    [2.73e-01]    
121000    [1.47e-02]    [1.47e-02]    [2.73e-01]    
122000    [1.47e-02]    [1.46e-02]    [2.72e-01]    
123000    [1.47e-02]    [1.47e-02]    [2.72e-01]    
124000    [1.47e-02]    [1.46e-02]    [2.72e-01]    
125000    [1.47e-02]    [1.47e-02]    [2.72e-01]    
126000    [1.45e-02]    [1.45e-02]    [2.71e-01]    
127000    [1.45e-02]    [1.45e-02]    [2.70e-01]    
128000    [1.45e-02]    [1.44e-02]    [2.70e-01]    
129000    [1.44e-02]    [1.45e-02]    [2.70e-01]    
130000    [1.44e-02]    [1.44e-02]    [2.70e-01]    
131000    [1.44e-02]    [1.44e-02]    [2.70e-01]    
132000    [1.43e-02]    [1.44e-02]    [2.69e-01]    
133000    [1.42e-02]    [1.43e-02]    [2.69e-01]    
134000    [1.44e-02]    [1.45e-02]    [2.70e-01]    
135000    [1.42e-02]    [1.43e-02]    [2.68e-01]    
136000    [1.41e-02]    [1.42e-02]    [2.68e-01]    
137000    [1.41e-02]    [1.42e-02]    [2.68e-01]    
138000    [1.41e-02]    [1.42e-02]    [2.67e-01]    
139000    [1.40e-02]    [1.42e-02]    [2.67e-01]    
140000    [1.41e-02]    [1.42e-02]    [2.67e-01]    
141000    [1.40e-02]    [1.41e-02]    [2.66e-01]    
142000    [1.40e-02]    [1.41e-02]    [2.66e-01]    
143000    [1.39e-02]    [1.41e-02]    [2.66e-01]    
144000    [1.38e-02]    [1.40e-02]    [2.65e-01]    
145000    [1.38e-02]    [1.40e-02]    [2.65e-01]    
146000    [1.38e-02]    [1.40e-02]    [2.64e-01]    
147000    [1.38e-02]    [1.39e-02]    [2.64e-01]    
148000    [1.37e-02]    [1.39e-02]    [2.63e-01]    
149000    [1.38e-02]    [1.40e-02]    [2.64e-01]    
150000    [1.37e-02]    [1.39e-02]    [2.64e-01]    
151000    [1.36e-02]    [1.38e-02]    [2.63e-01]    
152000    [1.35e-02]    [1.38e-02]    [2.62e-01]    
153000    [1.35e-02]    [1.37e-02]    [2.62e-01]    
154000    [1.36e-02]    [1.38e-02]    [2.63e-01]    
155000    [1.35e-02]    [1.37e-02]    [2.62e-01]    
156000    [1.34e-02]    [1.36e-02]    [2.61e-01]    
157000    [1.34e-02]    [1.37e-02]    [2.61e-01]    
158000    [1.33e-02]    [1.36e-02]    [2.60e-01]    
159000    [1.34e-02]    [1.37e-02]    [2.61e-01]    
160000    [1.33e-02]    [1.36e-02]    [2.60e-01]    
161000    [1.32e-02]    [1.35e-02]    [2.59e-01]    
162000    [1.32e-02]    [1.35e-02]    [2.59e-01]    
163000    [1.32e-02]    [1.34e-02]    [2.59e-01]    
164000    [1.31e-02]    [1.34e-02]    [2.58e-01]    
165000    [1.31e-02]    [1.34e-02]    [2.59e-01]    
166000    [1.31e-02]    [1.34e-02]    [2.58e-01]    
167000    [1.30e-02]    [1.33e-02]    [2.58e-01]    
168000    [1.30e-02]    [1.34e-02]    [2.58e-01]    
169000    [1.29e-02]    [1.33e-02]    [2.57e-01]    
170000    [1.29e-02]    [1.33e-02]    [2.57e-01]    
171000    [1.29e-02]    [1.33e-02]    [2.57e-01]    
172000    [1.28e-02]    [1.32e-02]    [2.57e-01]    
173000    [1.28e-02]    [1.31e-02]    [2.56e-01]    
174000    [1.27e-02]    [1.31e-02]    [2.56e-01]    
175000    [1.27e-02]    [1.31e-02]    [2.55e-01]    
176000    [1.27e-02]    [1.31e-02]    [2.55e-01]    
177000    [1.26e-02]    [1.30e-02]    [2.55e-01]    
178000    [1.26e-02]    [1.30e-02]    [2.55e-01]    
179000    [1.26e-02]    [1.30e-02]    [2.54e-01]    
180000    [1.25e-02]    [1.29e-02]    [2.54e-01]    
181000    [1.25e-02]    [1.29e-02]    [2.53e-01]    
182000    [1.24e-02]    [1.28e-02]    [2.53e-01]    
183000    [1.24e-02]    [1.28e-02]    [2.53e-01]    
184000    [1.23e-02]    [1.28e-02]    [2.52e-01]    
185000    [1.23e-02]    [1.27e-02]    [2.52e-01]    
186000    [1.22e-02]    [1.27e-02]    [2.51e-01]    
187000    [1.22e-02]    [1.27e-02]    [2.51e-01]    
188000    [1.22e-02]    [1.26e-02]    [2.50e-01]    
189000    [1.21e-02]    [1.26e-02]    [2.50e-01]    
190000    [1.20e-02]    [1.25e-02]    [2.49e-01]    
191000    [1.21e-02]    [1.26e-02]    [2.50e-01]    
192000    [1.19e-02]    [1.25e-02]    [2.49e-01]    
193000    [1.19e-02]    [1.25e-02]    [2.49e-01]    
194000    [1.18e-02]    [1.24e-02]    [2.48e-01]    
195000    [1.18e-02]    [1.23e-02]    [2.48e-01]    
196000    [1.17e-02]    [1.23e-02]    [2.47e-01]    
197000    [1.17e-02]    [1.23e-02]    [2.47e-01]    
198000    [1.17e-02]    [1.22e-02]    [2.47e-01]    
199000    [1.17e-02]    [1.23e-02]    [2.47e-01]    
200000    [1.16e-02]    [1.21e-02]    [2.46e-01]    
201000    [1.15e-02]    [1.21e-02]    [2.46e-01]    
202000    [1.15e-02]    [1.20e-02]    [2.46e-01]    
203000    [1.14e-02]    [1.20e-02]    [2.46e-01]    
204000    [1.14e-02]    [1.20e-02]    [2.46e-01]    
205000    [1.13e-02]    [1.19e-02]    [2.45e-01]    
206000    [1.12e-02]    [1.18e-02]    [2.45e-01]    
207000    [1.12e-02]    [1.18e-02]    [2.45e-01]    
208000    [1.11e-02]    [1.17e-02]    [2.44e-01]    
209000    [1.11e-02]    [1.17e-02]    [2.45e-01]    
210000    [1.10e-02]    [1.16e-02]    [2.44e-01]    
211000    [1.10e-02]    [1.16e-02]    [2.44e-01]    
212000    [1.09e-02]    [1.15e-02]    [2.43e-01]    
213000    [1.09e-02]    [1.15e-02]    [2.43e-01]    
214000    [1.08e-02]    [1.14e-02]    [2.42e-01]    
215000    [1.08e-02]    [1.14e-02]    [2.42e-01]    
216000    [1.08e-02]    [1.13e-02]    [2.42e-01]    
217000    [1.07e-02]    [1.13e-02]    [2.41e-01]    
218000    [1.06e-02]    [1.12e-02]    [2.41e-01]    
219000    [1.06e-02]    [1.12e-02]    [2.41e-01]    
220000    [1.05e-02]    [1.11e-02]    [2.40e-01]    
221000    [1.05e-02]    [1.11e-02]    [2.40e-01]    
222000    [1.04e-02]    [1.10e-02]    [2.40e-01]    
223000    [1.04e-02]    [1.09e-02]    [2.39e-01]    
224000    [1.04e-02]    [1.09e-02]    [2.39e-01]    
225000    [1.03e-02]    [1.09e-02]    [2.39e-01]    
226000    [1.03e-02]    [1.08e-02]    [2.39e-01]    
227000    [1.02e-02]    [1.08e-02]    [2.38e-01]    
228000    [1.02e-02]    [1.07e-02]    [2.38e-01]    
229000    [1.01e-02]    [1.07e-02]    [2.38e-01]    
230000    [1.01e-02]    [1.06e-02]    [2.37e-01]    
231000    [1.00e-02]    [1.05e-02]    [2.37e-01]    
232000    [1.00e-02]    [1.05e-02]    [2.37e-01]    
233000    [1.00e-02]    [1.05e-02]    [2.37e-01]    
234000    [9.95e-03]    [1.04e-02]    [2.36e-01]    
235000    [9.93e-03]    [1.04e-02]    [2.36e-01]    
236000    [9.88e-03]    [1.04e-02]    [2.36e-01]    
237000    [9.81e-03]    [1.03e-02]    [2.35e-01]    
238000    [9.79e-03]    [1.03e-02]    [2.35e-01]    
239000    [9.76e-03]    [1.02e-02]    [2.35e-01]    
240000    [9.71e-03]    [1.02e-02]    [2.35e-01]    
241000    [9.68e-03]    [1.02e-02]    [2.35e-01]    
242000    [9.65e-03]    [1.01e-02]    [2.34e-01]    
243000    [9.64e-03]    [1.01e-02]    [2.34e-01]    
244000    [9.59e-03]    [1.01e-02]    [2.34e-01]    
245000    [9.56e-03]    [1.00e-02]    [2.34e-01]    
246000    [9.54e-03]    [1.00e-02]    [2.34e-01]    
247000    [9.50e-03]    [9.95e-03]    [2.34e-01]    
248000    [9.46e-03]    [9.91e-03]    [2.34e-01]    
249000    [9.45e-03]    [9.90e-03]    [2.33e-01]    
250000    [9.41e-03]    [9.85e-03]    [2.33e-01]    
