Step      Train loss    Test loss     Test metric   
0         [7.75e-01]    [7.94e-01]    [9.96e-01]    
1000      [1.23e-01]    [1.30e-01]    [4.75e-01]    
2000      [8.45e-02]    [9.07e-02]    [4.13e-01]    
3000      [8.34e-02]    [8.95e-02]    [4.08e-01]    
4000      [7.54e-02]    [8.11e-02]    [3.83e-01]    
5000      [7.12e-02]    [7.51e-02]    [3.67e-01]    
6000      [6.23e-02]    [6.51e-02]    [3.47e-01]    
7000      [5.57e-02]    [5.79e-02]    [3.34e-01]    
8000      [4.79e-02]    [5.01e-02]    [3.12e-01]    
9000      [4.28e-02]    [4.52e-02]    [2.96e-01]    
10000     [3.98e-02]    [4.22e-02]    [2.86e-01]    
11000     [4.02e-02]    [4.27e-02]    [2.85e-01]    
12000     [3.61e-02]    [3.87e-02]    [2.71e-01]    
13000     [3.45e-02]    [3.72e-02]    [2.62e-01]    
14000     [3.17e-02]    [3.42e-02]    [2.49e-01]    
15000     [3.11e-02]    [3.33e-02]    [2.45e-01]    
16000     [3.65e-02]    [3.86e-02]    [2.55e-01]    
17000     [2.81e-02]    [2.99e-02]    [2.30e-01]    
18000     [2.74e-02]    [2.90e-02]    [2.25e-01]    
19000     [2.74e-02]    [2.89e-02]    [2.21e-01]    
20000     [2.90e-02]    [3.06e-02]    [2.24e-01]    
21000     [2.61e-02]    [2.74e-02]    [2.12e-01]    
22000     [2.49e-02]    [2.62e-02]    [2.06e-01]    
23000     [2.45e-02]    [2.57e-02]    [2.01e-01]    
24000     [2.39e-02]    [2.51e-02]    [1.97e-01]    
25000     [2.33e-02]    [2.45e-02]    [1.92e-01]    
26000     [2.30e-02]    [2.42e-02]    [1.88e-01]    
27000     [2.27e-02]    [2.39e-02]    [1.86e-01]    
28000     [2.26e-02]    [2.37e-02]    [1.84e-01]    
29000     [2.18e-02]    [2.29e-02]    [1.81e-01]    
30000     [2.64e-02]    [2.76e-02]    [1.95e-01]    
31000     [2.14e-02]    [2.25e-02]    [1.79e-01]    
32000     [2.12e-02]    [2.23e-02]    [1.78e-01]    
33000     [2.11e-02]    [2.21e-02]    [1.77e-01]    
34000     [2.09e-02]    [2.19e-02]    [1.76e-01]    
35000     [2.10e-02]    [2.20e-02]    [1.76e-01]    
36000     [2.19e-02]    [2.29e-02]    [1.80e-01]    
37000     [2.04e-02]    [2.14e-02]    [1.74e-01]    
38000     [2.02e-02]    [2.11e-02]    [1.73e-01]    
39000     [2.02e-02]    [2.11e-02]    [1.73e-01]    
40000     [1.99e-02]    [2.09e-02]    [1.72e-01]    
41000     [1.94e-02]    [2.03e-02]    [1.71e-01]    
42000     [1.94e-02]    [2.03e-02]    [1.70e-01]    
43000     [1.89e-02]    [1.97e-02]    [1.69e-01]    
44000     [1.86e-02]    [1.94e-02]    [1.67e-01]    
45000     [1.83e-02]    [1.91e-02]    [1.66e-01]    
46000     [1.82e-02]    [1.90e-02]    [1.65e-01]    
47000     [1.76e-02]    [1.85e-02]    [1.64e-01]    
48000     [1.73e-02]    [1.81e-02]    [1.63e-01]    
49000     [1.71e-02]    [1.79e-02]    [1.62e-01]    
50000     [1.68e-02]    [1.76e-02]    [1.61e-01]    
51000     [1.64e-02]    [1.72e-02]    [1.60e-01]    
52000     [1.62e-02]    [1.70e-02]    [1.59e-01]    
53000     [1.59e-02]    [1.66e-02]    [1.58e-01]    
54000     [1.58e-02]    [1.65e-02]    [1.57e-01]    
55000     [1.60e-02]    [1.68e-02]    [1.59e-01]    
56000     [1.52e-02]    [1.60e-02]    [1.56e-01]    
57000     [1.53e-02]    [1.62e-02]    [1.56e-01]    
58000     [1.50e-02]    [1.58e-02]    [1.55e-01]    
59000     [1.47e-02]    [1.55e-02]    [1.54e-01]    
60000     [1.47e-02]    [1.56e-02]    [1.54e-01]    
61000     [1.44e-02]    [1.53e-02]    [1.53e-01]    
62000     [1.43e-02]    [1.52e-02]    [1.53e-01]    
63000     [1.41e-02]    [1.50e-02]    [1.52e-01]    
64000     [1.40e-02]    [1.48e-02]    [1.52e-01]    
65000     [1.40e-02]    [1.49e-02]    [1.52e-01]    
66000     [1.39e-02]    [1.48e-02]    [1.52e-01]    
67000     [1.36e-02]    [1.45e-02]    [1.50e-01]    
68000     [1.34e-02]    [1.44e-02]    [1.50e-01]    
69000     [1.33e-02]    [1.43e-02]    [1.49e-01]    
70000     [1.32e-02]    [1.42e-02]    [1.49e-01]    
71000     [1.31e-02]    [1.41e-02]    [1.49e-01]    
72000     [1.30e-02]    [1.40e-02]    [1.49e-01]    
73000     [1.29e-02]    [1.40e-02]    [1.49e-01]    
74000     [1.28e-02]    [1.39e-02]    [1.48e-01]    
75000     [1.28e-02]    [1.38e-02]    [1.48e-01]    
76000     [1.28e-02]    [1.38e-02]    [1.48e-01]    
77000     [1.26e-02]    [1.36e-02]    [1.47e-01]    
78000     [1.26e-02]    [1.36e-02]    [1.47e-01]    
79000     [1.25e-02]    [1.35e-02]    [1.46e-01]    
80000     [1.24e-02]    [1.34e-02]    [1.46e-01]    
81000     [1.23e-02]    [1.34e-02]    [1.46e-01]    
82000     [1.22e-02]    [1.33e-02]    [1.45e-01]    
83000     [1.22e-02]    [1.33e-02]    [1.45e-01]    
84000     [1.21e-02]    [1.32e-02]    [1.45e-01]    
85000     [1.23e-02]    [1.34e-02]    [1.46e-01]    
86000     [1.20e-02]    [1.31e-02]    [1.45e-01]    
87000     [1.19e-02]    [1.30e-02]    [1.44e-01]    
88000     [1.19e-02]    [1.30e-02]    [1.44e-01]    
89000     [1.19e-02]    [1.30e-02]    [1.44e-01]    
90000     [1.18e-02]    [1.29e-02]    [1.44e-01]    
91000     [1.17e-02]    [1.29e-02]    [1.44e-01]    
92000     [1.19e-02]    [1.31e-02]    [1.45e-01]    
93000     [1.16e-02]    [1.28e-02]    [1.44e-01]    
94000     [1.16e-02]    [1.28e-02]    [1.44e-01]    
95000     [1.16e-02]    [1.27e-02]    [1.43e-01]    
96000     [1.14e-02]    [1.26e-02]    [1.43e-01]    
97000     [1.14e-02]    [1.26e-02]    [1.43e-01]    
98000     [1.15e-02]    [1.27e-02]    [1.43e-01]    
99000     [1.14e-02]    [1.25e-02]    [1.42e-01]    
100000    [1.13e-02]    [1.24e-02]    [1.42e-01]    
101000    [1.12e-02]    [1.24e-02]    [1.42e-01]    
102000    [1.13e-02]    [1.24e-02]    [1.42e-01]    
103000    [1.12e-02]    [1.23e-02]    [1.41e-01]    
104000    [1.11e-02]    [1.23e-02]    [1.41e-01]    
105000    [1.11e-02]    [1.22e-02]    [1.41e-01]    
106000    [1.10e-02]    [1.22e-02]    [1.41e-01]    
107000    [1.10e-02]    [1.21e-02]    [1.41e-01]    
108000    [1.09e-02]    [1.21e-02]    [1.40e-01]    
109000    [1.10e-02]    [1.22e-02]    [1.41e-01]    
110000    [1.09e-02]    [1.21e-02]    [1.40e-01]    
111000    [1.09e-02]    [1.21e-02]    [1.40e-01]    
112000    [1.08e-02]    [1.19e-02]    [1.39e-01]    
113000    [1.08e-02]    [1.19e-02]    [1.39e-01]    
114000    [1.07e-02]    [1.19e-02]    [1.39e-01]    
115000    [1.07e-02]    [1.18e-02]    [1.39e-01]    
116000    [1.07e-02]    [1.19e-02]    [1.39e-01]    
117000    [1.07e-02]    [1.18e-02]    [1.38e-01]    
118000    [1.06e-02]    [1.18e-02]    [1.38e-01]    
119000    [1.06e-02]    [1.17e-02]    [1.38e-01]    
120000    [1.05e-02]    [1.16e-02]    [1.38e-01]    
121000    [1.05e-02]    [1.16e-02]    [1.37e-01]    
122000    [1.04e-02]    [1.15e-02]    [1.37e-01]    
123000    [1.05e-02]    [1.16e-02]    [1.37e-01]    
124000    [1.06e-02]    [1.16e-02]    [1.37e-01]    
125000    [1.04e-02]    [1.15e-02]    [1.37e-01]    
126000    [1.04e-02]    [1.15e-02]    [1.37e-01]    
127000    [1.03e-02]    [1.14e-02]    [1.36e-01]    
128000    [1.03e-02]    [1.13e-02]    [1.36e-01]    
129000    [1.02e-02]    [1.13e-02]    [1.35e-01]    
130000    [1.02e-02]    [1.12e-02]    [1.35e-01]    
131000    [1.02e-02]    [1.12e-02]    [1.35e-01]    
132000    [1.05e-02]    [1.15e-02]    [1.36e-01]    
133000    [1.01e-02]    [1.11e-02]    [1.34e-01]    
134000    [1.01e-02]    [1.11e-02]    [1.34e-01]    
135000    [1.01e-02]    [1.10e-02]    [1.34e-01]    
136000    [1.00e-02]    [1.10e-02]    [1.34e-01]    
137000    [9.99e-03]    [1.09e-02]    [1.33e-01]    
138000    [9.99e-03]    [1.09e-02]    [1.33e-01]    
139000    [9.99e-03]    [1.09e-02]    [1.33e-01]    
140000    [9.87e-03]    [1.08e-02]    [1.33e-01]    
141000    [9.82e-03]    [1.07e-02]    [1.32e-01]    
142000    [9.72e-03]    [1.06e-02]    [1.32e-01]    
143000    [9.74e-03]    [1.06e-02]    [1.32e-01]    
144000    [9.73e-03]    [1.06e-02]    [1.32e-01]    
145000    [9.65e-03]    [1.05e-02]    [1.31e-01]    
146000    [9.60e-03]    [1.04e-02]    [1.31e-01]    
147000    [9.63e-03]    [1.04e-02]    [1.31e-01]    
148000    [9.59e-03]    [1.04e-02]    [1.31e-01]    
149000    [9.51e-03]    [1.03e-02]    [1.30e-01]    
150000    [9.53e-03]    [1.03e-02]    [1.30e-01]    
151000    [9.51e-03]    [1.03e-02]    [1.30e-01]    
152000    [9.41e-03]    [1.02e-02]    [1.29e-01]    
153000    [9.36e-03]    [1.01e-02]    [1.29e-01]    
154000    [9.32e-03]    [1.01e-02]    [1.29e-01]    
155000    [9.30e-03]    [1.00e-02]    [1.29e-01]    
156000    [9.27e-03]    [1.00e-02]    [1.29e-01]    
157000    [9.29e-03]    [1.00e-02]    [1.28e-01]    
158000    [9.18e-03]    [9.91e-03]    [1.28e-01]    
159000    [9.19e-03]    [9.91e-03]    [1.28e-01]    
160000    [9.13e-03]    [9.84e-03]    [1.27e-01]    
161000    [9.12e-03]    [9.84e-03]    [1.27e-01]    
162000    [9.12e-03]    [9.83e-03]    [1.27e-01]    
163000    [9.04e-03]    [9.72e-03]    [1.27e-01]    
164000    [9.01e-03]    [9.69e-03]    [1.27e-01]    
165000    [9.04e-03]    [9.72e-03]    [1.27e-01]    
166000    [8.97e-03]    [9.64e-03]    [1.26e-01]    
167000    [8.97e-03]    [9.63e-03]    [1.26e-01]    
168000    [8.95e-03]    [9.60e-03]    [1.26e-01]    
169000    [8.93e-03]    [9.58e-03]    [1.26e-01]    
170000    [8.91e-03]    [9.54e-03]    [1.26e-01]    
171000    [8.89e-03]    [9.53e-03]    [1.26e-01]    
172000    [8.82e-03]    [9.45e-03]    [1.25e-01]    
173000    [8.80e-03]    [9.41e-03]    [1.25e-01]    
174000    [8.78e-03]    [9.40e-03]    [1.25e-01]    
175000    [8.75e-03]    [9.36e-03]    [1.25e-01]    
176000    [8.76e-03]    [9.36e-03]    [1.25e-01]    
177000    [8.81e-03]    [9.40e-03]    [1.25e-01]    
178000    [8.71e-03]    [9.31e-03]    [1.24e-01]    
179000    [8.68e-03]    [9.26e-03]    [1.24e-01]    
180000    [8.64e-03]    [9.22e-03]    [1.24e-01]    
181000    [8.63e-03]    [9.20e-03]    [1.24e-01]    
182000    [8.61e-03]    [9.18e-03]    [1.24e-01]    
183000    [8.60e-03]    [9.17e-03]    [1.24e-01]    
184000    [8.65e-03]    [9.20e-03]    [1.24e-01]    
185000    [8.55e-03]    [9.10e-03]    [1.23e-01]    
186000    [8.60e-03]    [9.15e-03]    [1.23e-01]    
187000    [8.51e-03]    [9.06e-03]    [1.23e-01]    
188000    [8.49e-03]    [9.03e-03]    [1.23e-01]    
189000    [8.46e-03]    [9.01e-03]    [1.23e-01]    
190000    [8.50e-03]    [9.04e-03]    [1.23e-01]    
191000    [8.41e-03]    [8.95e-03]    [1.22e-01]    
192000    [8.40e-03]    [8.94e-03]    [1.22e-01]    
193000    [8.42e-03]    [8.95e-03]    [1.22e-01]    
194000    [8.37e-03]    [8.91e-03]    [1.22e-01]    
195000    [8.38e-03]    [8.91e-03]    [1.22e-01]    
196000    [8.34e-03]    [8.88e-03]    [1.22e-01]    
197000    [8.29e-03]    [8.81e-03]    [1.22e-01]    
198000    [8.28e-03]    [8.81e-03]    [1.22e-01]    
199000    [8.28e-03]    [8.80e-03]    [1.21e-01]    
200000    [8.24e-03]    [8.76e-03]    [1.21e-01]    
201000    [8.23e-03]    [8.74e-03]    [1.21e-01]    
202000    [8.19e-03]    [8.70e-03]    [1.21e-01]    
203000    [8.18e-03]    [8.67e-03]    [1.21e-01]    
204000    [8.15e-03]    [8.65e-03]    [1.21e-01]    
205000    [8.14e-03]    [8.65e-03]    [1.21e-01]    
206000    [8.13e-03]    [8.63e-03]    [1.20e-01]    
207000    [8.14e-03]    [8.63e-03]    [1.20e-01]    
208000    [8.07e-03]    [8.55e-03]    [1.20e-01]    
209000    [8.07e-03]    [8.54e-03]    [1.20e-01]    
210000    [8.04e-03]    [8.51e-03]    [1.20e-01]    
211000    [8.03e-03]    [8.50e-03]    [1.20e-01]    
212000    [8.06e-03]    [8.52e-03]    [1.20e-01]    
213000    [8.00e-03]    [8.46e-03]    [1.20e-01]    
214000    [7.97e-03]    [8.41e-03]    [1.19e-01]    
215000    [7.95e-03]    [8.40e-03]    [1.19e-01]    
216000    [7.94e-03]    [8.38e-03]    [1.19e-01]    
217000    [7.93e-03]    [8.37e-03]    [1.19e-01]    
218000    [7.88e-03]    [8.32e-03]    [1.19e-01]    
219000    [7.87e-03]    [8.30e-03]    [1.19e-01]    
220000    [7.85e-03]    [8.28e-03]    [1.18e-01]    
221000    [7.85e-03]    [8.28e-03]    [1.18e-01]    
222000    [7.82e-03]    [8.24e-03]    [1.18e-01]    
223000    [7.81e-03]    [8.22e-03]    [1.18e-01]    
224000    [7.78e-03]    [8.19e-03]    [1.18e-01]    
225000    [7.91e-03]    [8.32e-03]    [1.19e-01]    
226000    [7.74e-03]    [8.14e-03]    [1.18e-01]    
227000    [7.74e-03]    [8.13e-03]    [1.18e-01]    
228000    [7.78e-03]    [8.18e-03]    [1.18e-01]    
229000    [7.71e-03]    [8.10e-03]    [1.17e-01]    
230000    [7.70e-03]    [8.09e-03]    [1.17e-01]    
231000    [7.67e-03]    [8.05e-03]    [1.17e-01]    
232000    [7.71e-03]    [8.10e-03]    [1.17e-01]    
233000    [7.67e-03]    [8.05e-03]    [1.17e-01]    
234000    [7.62e-03]    [8.00e-03]    [1.17e-01]    
235000    [7.67e-03]    [8.04e-03]    [1.17e-01]    
236000    [7.60e-03]    [7.96e-03]    [1.17e-01]    
237000    [7.58e-03]    [7.95e-03]    [1.17e-01]    
238000    [7.63e-03]    [7.99e-03]    [1.17e-01]    
239000    [7.55e-03]    [7.91e-03]    [1.16e-01]    
240000    [7.56e-03]    [7.92e-03]    [1.16e-01]    
241000    [7.51e-03]    [7.87e-03]    [1.16e-01]    
242000    [7.50e-03]    [7.85e-03]    [1.16e-01]    
243000    [7.56e-03]    [7.90e-03]    [1.16e-01]    
244000    [7.47e-03]    [7.82e-03]    [1.16e-01]    
245000    [7.47e-03]    [7.81e-03]    [1.16e-01]    
246000    [7.46e-03]    [7.80e-03]    [1.16e-01]    
247000    [7.42e-03]    [7.76e-03]    [1.15e-01]    
248000    [7.45e-03]    [7.78e-03]    [1.16e-01]    
249000    [7.44e-03]    [7.76e-03]    [1.15e-01]    
250000    [7.40e-03]    [7.74e-03]    [1.15e-01]    
