Step      Train loss    Test loss     Test metric   
0         [9.77e-04]    [9.42e-04]    [1.17e+00]    
1000      [1.57e-04]    [1.54e-04]    [4.81e-01]    
2000      [2.89e-04]    [2.80e-04]    [6.98e-01]    
3000      [1.81e-04]    [1.77e-04]    [5.49e-01]    
4000      [6.82e-05]    [6.79e-05]    [3.61e-01]    
5000      [4.10e-05]    [4.18e-05]    [3.24e-01]    
6000      [2.84e-05]    [2.96e-05]    [3.11e-01]    
7000      [2.65e-05]    [2.78e-05]    [3.16e-01]    
8000      [2.02e-05]    [2.15e-05]    [2.95e-01]    
9000      [1.55e-05]    [1.65e-05]    [2.68e-01]    
10000     [1.62e-05]    [1.72e-05]    [2.56e-01]    
11000     [1.18e-05]    [1.25e-05]    [2.27e-01]    
12000     [1.17e-05]    [1.23e-05]    [2.10e-01]    
13000     [9.57e-06]    [1.01e-05]    [1.87e-01]    
14000     [8.39e-06]    [8.80e-06]    [1.69e-01]    
15000     [1.00e-05]    [1.02e-05]    [1.66e-01]    
16000     [7.73e-06]    [7.99e-06]    [1.52e-01]    
17000     [7.22e-06]    [7.34e-06]    [1.47e-01]    
18000     [8.26e-06]    [8.29e-06]    [1.49e-01]    
19000     [8.41e-06]    [8.54e-06]    [1.45e-01]    
20000     [8.84e-06]    [8.82e-06]    [1.45e-01]    
21000     [6.79e-06]    [6.78e-06]    [1.34e-01]    
22000     [5.25e-06]    [5.37e-06]    [1.24e-01]    
23000     [5.48e-06]    [5.57e-06]    [1.23e-01]    
24000     [6.79e-06]    [6.76e-06]    [1.29e-01]    
25000     [4.94e-06]    [5.04e-06]    [1.17e-01]    
26000     [5.25e-06]    [5.32e-06]    [1.17e-01]    
27000     [5.13e-06]    [5.18e-06]    [1.16e-01]    
28000     [5.73e-06]    [5.82e-06]    [1.17e-01]    
29000     [5.89e-06]    [5.97e-06]    [1.16e-01]    
30000     [4.74e-06]    [4.85e-06]    [1.09e-01]    
31000     [4.30e-06]    [4.37e-06]    [1.06e-01]    
32000     [4.83e-06]    [4.89e-06]    [1.08e-01]    
33000     [4.38e-06]    [4.44e-06]    [1.06e-01]    
34000     [4.82e-06]    [4.85e-06]    [1.08e-01]    
35000     [4.58e-06]    [4.55e-06]    [1.06e-01]    
36000     [4.27e-06]    [4.27e-06]    [1.03e-01]    
37000     [4.24e-06]    [4.29e-06]    [1.03e-01]    
38000     [3.98e-06]    [4.01e-06]    [1.01e-01]    
39000     [5.23e-06]    [5.11e-06]    [1.09e-01]    
40000     [3.95e-06]    [3.98e-06]    [1.00e-01]    
41000     [3.84e-06]    [3.86e-06]    [9.96e-02]    
42000     [3.66e-06]    [3.71e-06]    [9.82e-02]    
43000     [4.23e-06]    [4.23e-06]    [1.02e-01]    
44000     [3.68e-06]    [3.71e-06]    [9.81e-02]    
45000     [3.95e-06]    [3.98e-06]    [9.97e-02]    
46000     [3.98e-06]    [3.99e-06]    [1.00e-01]    
47000     [3.54e-06]    [3.56e-06]    [9.69e-02]    
48000     [3.65e-06]    [3.64e-06]    [9.74e-02]    
49000     [3.53e-06]    [3.53e-06]    [9.65e-02]    
50000     [3.56e-06]    [3.54e-06]    [9.65e-02]    
51000     [3.36e-06]    [3.35e-06]    [9.48e-02]    
52000     [4.19e-06]    [4.10e-06]    [9.97e-02]    
53000     [3.69e-06]    [3.69e-06]    [9.70e-02]    
54000     [3.24e-06]    [3.24e-06]    [9.33e-02]    
55000     [3.30e-06]    [3.31e-06]    [9.36e-02]    
56000     [3.37e-06]    [3.37e-06]    [9.37e-02]    
57000     [3.13e-06]    [3.13e-06]    [9.24e-02]    
58000     [3.20e-06]    [3.20e-06]    [9.28e-02]    
59000     [3.95e-06]    [3.89e-06]    [9.76e-02]    
60000     [3.22e-06]    [3.20e-06]    [9.31e-02]    
61000     [3.25e-06]    [3.22e-06]    [9.32e-02]    
62000     [3.14e-06]    [3.13e-06]    [9.25e-02]    
63000     [2.95e-06]    [2.93e-06]    [9.05e-02]    
64000     [3.35e-06]    [3.31e-06]    [9.34e-02]    
65000     [2.95e-06]    [2.91e-06]    [8.98e-02]    
66000     [2.94e-06]    [2.93e-06]    [8.97e-02]    
67000     [2.87e-06]    [2.84e-06]    [8.87e-02]    
68000     [2.95e-06]    [2.91e-06]    [8.89e-02]    
69000     [2.80e-06]    [2.77e-06]    [8.75e-02]    
70000     [2.86e-06]    [2.85e-06]    [8.79e-02]    
71000     [3.00e-06]    [2.95e-06]    [8.87e-02]    
72000     [2.85e-06]    [2.82e-06]    [8.71e-02]    
73000     [2.74e-06]    [2.72e-06]    [8.60e-02]    
74000     [2.75e-06]    [2.72e-06]    [8.57e-02]    
75000     [2.78e-06]    [2.74e-06]    [8.56e-02]    
76000     [3.63e-06]    [3.60e-06]    [9.25e-02]    
77000     [2.64e-06]    [2.62e-06]    [8.41e-02]    
78000     [2.77e-06]    [2.73e-06]    [8.49e-02]    
79000     [2.68e-06]    [2.63e-06]    [8.38e-02]    
80000     [2.73e-06]    [2.68e-06]    [8.41e-02]    
81000     [2.67e-06]    [2.61e-06]    [8.33e-02]    
82000     [2.65e-06]    [2.61e-06]    [8.27e-02]    
83000     [2.93e-06]    [2.89e-06]    [8.48e-02]    
84000     [2.77e-06]    [2.70e-06]    [8.35e-02]    
85000     [2.49e-06]    [2.47e-06]    [8.10e-02]    
86000     [2.47e-06]    [2.44e-06]    [8.04e-02]    
87000     [2.60e-06]    [2.58e-06]    [8.12e-02]    
88000     [2.59e-06]    [2.56e-06]    [8.08e-02]    
89000     [2.40e-06]    [2.36e-06]    [7.90e-02]    
90000     [2.55e-06]    [2.50e-06]    [7.98e-02]    
91000     [2.67e-06]    [2.63e-06]    [8.06e-02]    
92000     [2.45e-06]    [2.42e-06]    [7.89e-02]    
93000     [2.40e-06]    [2.37e-06]    [7.82e-02]    
94000     [2.49e-06]    [2.43e-06]    [7.84e-02]    
95000     [2.33e-06]    [2.31e-06]    [7.73e-02]    
96000     [2.45e-06]    [2.42e-06]    [7.79e-02]    
97000     [2.31e-06]    [2.28e-06]    [7.64e-02]    
98000     [2.32e-06]    [2.30e-06]    [7.66e-02]    
99000     [2.22e-06]    [2.19e-06]    [7.53e-02]    
100000    [2.20e-06]    [2.17e-06]    [7.52e-02]    
101000    [2.28e-06]    [2.23e-06]    [7.54e-02]    
102000    [2.15e-06]    [2.12e-06]    [7.43e-02]    
103000    [2.15e-06]    [2.12e-06]    [7.41e-02]    
104000    [2.27e-06]    [2.22e-06]    [7.48e-02]    
105000    [2.22e-06]    [2.21e-06]    [7.44e-02]    
106000    [2.09e-06]    [2.06e-06]    [7.29e-02]    
107000    [2.35e-06]    [2.33e-06]    [7.51e-02]    
108000    [2.07e-06]    [2.04e-06]    [7.22e-02]    
109000    [2.05e-06]    [2.02e-06]    [7.22e-02]    
110000    [2.28e-06]    [2.26e-06]    [7.42e-02]    
111000    [2.08e-06]    [2.05e-06]    [7.18e-02]    
112000    [2.01e-06]    [1.99e-06]    [7.12e-02]    
113000    [2.03e-06]    [2.00e-06]    [7.13e-02]    
114000    [1.97e-06]    [1.94e-06]    [7.04e-02]    
115000    [1.98e-06]    [1.95e-06]    [7.07e-02]    
116000    [2.29e-06]    [2.25e-06]    [7.34e-02]    
117000    [1.97e-06]    [1.95e-06]    [7.03e-02]    
118000    [1.98e-06]    [1.96e-06]    [7.02e-02]    
119000    [1.98e-06]    [1.95e-06]    [7.02e-02]    
120000    [2.09e-06]    [2.05e-06]    [7.09e-02]    
121000    [2.00e-06]    [1.97e-06]    [6.99e-02]    
122000    [1.89e-06]    [1.86e-06]    [6.90e-02]    
123000    [1.93e-06]    [1.89e-06]    [6.91e-02]    
124000    [1.88e-06]    [1.86e-06]    [6.86e-02]    
125000    [1.98e-06]    [1.94e-06]    [6.94e-02]    
126000    [1.97e-06]    [1.94e-06]    [6.92e-02]    
127000    [2.06e-06]    [2.02e-06]    [7.03e-02]    
128000    [1.99e-06]    [1.96e-06]    [6.95e-02]    
129000    [2.17e-06]    [2.16e-06]    [7.16e-02]    
130000    [1.82e-06]    [1.79e-06]    [6.75e-02]    
131000    [1.83e-06]    [1.82e-06]    [6.76e-02]    
132000    [1.81e-06]    [1.77e-06]    [6.72e-02]    
133000    [1.89e-06]    [1.88e-06]    [6.82e-02]    
134000    [1.93e-06]    [1.94e-06]    [6.87e-02]    
135000    [1.80e-06]    [1.79e-06]    [6.71e-02]    
136000    [1.78e-06]    [1.75e-06]    [6.65e-02]    
137000    [1.78e-06]    [1.76e-06]    [6.67e-02]    
138000    [1.83e-06]    [1.80e-06]    [6.72e-02]    
139000    [1.85e-06]    [1.86e-06]    [6.73e-02]    
140000    [1.75e-06]    [1.71e-06]    [6.61e-02]    
141000    [1.76e-06]    [1.74e-06]    [6.63e-02]    
142000    [1.77e-06]    [1.76e-06]    [6.65e-02]    
143000    [1.80e-06]    [1.79e-06]    [6.67e-02]    
144000    [1.76e-06]    [1.72e-06]    [6.64e-02]    
145000    [1.70e-06]    [1.67e-06]    [6.53e-02]    
146000    [1.72e-06]    [1.70e-06]    [6.57e-02]    
147000    [1.75e-06]    [1.71e-06]    [6.59e-02]    
148000    [1.84e-06]    [1.82e-06]    [6.69e-02]    
149000    [1.72e-06]    [1.68e-06]    [6.54e-02]    
150000    [1.72e-06]    [1.69e-06]    [6.55e-02]    
151000    [2.22e-06]    [2.13e-06]    [7.00e-02]    
152000    [1.71e-06]    [1.68e-06]    [6.51e-02]    
153000    [1.96e-06]    [1.92e-06]    [6.74e-02]    
154000    [1.74e-06]    [1.70e-06]    [6.55e-02]    
155000    [1.69e-06]    [1.65e-06]    [6.49e-02]    
156000    [1.64e-06]    [1.62e-06]    [6.43e-02]    
157000    [1.64e-06]    [1.60e-06]    [6.41e-02]    
158000    [1.65e-06]    [1.63e-06]    [6.43e-02]    
159000    [1.85e-06]    [1.80e-06]    [6.62e-02]    
160000    [1.78e-06]    [1.76e-06]    [6.55e-02]    
161000    [1.68e-06]    [1.64e-06]    [6.45e-02]    
162000    [1.71e-06]    [1.67e-06]    [6.49e-02]    
163000    [1.64e-06]    [1.61e-06]    [6.41e-02]    
164000    [1.60e-06]    [1.57e-06]    [6.37e-02]    
165000    [1.66e-06]    [1.64e-06]    [6.42e-02]    
166000    [1.67e-06]    [1.65e-06]    [6.43e-02]    
167000    [1.67e-06]    [1.64e-06]    [6.42e-02]    
168000    [1.66e-06]    [1.63e-06]    [6.39e-02]    
169000    [1.70e-06]    [1.66e-06]    [6.44e-02]    
170000    [1.57e-06]    [1.55e-06]    [6.33e-02]    
171000    [1.59e-06]    [1.56e-06]    [6.32e-02]    
172000    [1.73e-06]    [1.69e-06]    [6.49e-02]    
173000    [1.57e-06]    [1.55e-06]    [6.30e-02]    
174000    [1.58e-06]    [1.56e-06]    [6.31e-02]    
175000    [1.59e-06]    [1.55e-06]    [6.29e-02]    
176000    [1.55e-06]    [1.53e-06]    [6.27e-02]    
177000    [1.68e-06]    [1.63e-06]    [6.40e-02]    
178000    [1.55e-06]    [1.52e-06]    [6.27e-02]    
179000    [1.54e-06]    [1.51e-06]    [6.25e-02]    
180000    [1.62e-06]    [1.61e-06]    [6.32e-02]    
181000    [1.52e-06]    [1.51e-06]    [6.23e-02]    
182000    [1.53e-06]    [1.50e-06]    [6.23e-02]    
183000    [1.54e-06]    [1.51e-06]    [6.23e-02]    
184000    [1.59e-06]    [1.56e-06]    [6.28e-02]    
185000    [1.56e-06]    [1.53e-06]    [6.26e-02]    
186000    [1.51e-06]    [1.49e-06]    [6.20e-02]    
187000    [1.53e-06]    [1.51e-06]    [6.20e-02]    
188000    [1.51e-06]    [1.48e-06]    [6.18e-02]    
189000    [1.56e-06]    [1.52e-06]    [6.23e-02]    
190000    [1.49e-06]    [1.47e-06]    [6.16e-02]    
191000    [1.59e-06]    [1.58e-06]    [6.26e-02]    
192000    [1.49e-06]    [1.47e-06]    [6.14e-02]    
193000    [1.49e-06]    [1.46e-06]    [6.14e-02]    
194000    [1.64e-06]    [1.61e-06]    [6.33e-02]    
195000    [1.49e-06]    [1.47e-06]    [6.14e-02]    
196000    [1.49e-06]    [1.46e-06]    [6.13e-02]    
197000    [1.45e-06]    [1.43e-06]    [6.08e-02]    
198000    [1.46e-06]    [1.43e-06]    [6.08e-02]    
199000    [1.49e-06]    [1.47e-06]    [6.11e-02]    
200000    [1.47e-06]    [1.45e-06]    [6.10e-02]    
201000    [1.45e-06]    [1.43e-06]    [6.07e-02]    
202000    [1.54e-06]    [1.53e-06]    [6.18e-02]    
203000    [1.62e-06]    [1.60e-06]    [6.28e-02]    
204000    [1.49e-06]    [1.48e-06]    [6.10e-02]    
205000    [1.49e-06]    [1.47e-06]    [6.08e-02]    
206000    [1.45e-06]    [1.43e-06]    [6.05e-02]    
207000    [1.60e-06]    [1.56e-06]    [6.20e-02]    
208000    [1.47e-06]    [1.44e-06]    [6.03e-02]    
209000    [1.42e-06]    [1.40e-06]    [6.01e-02]    
210000    [1.42e-06]    [1.40e-06]    [6.00e-02]    
211000    [1.41e-06]    [1.39e-06]    [5.98e-02]    
212000    [1.48e-06]    [1.43e-06]    [6.04e-02]    
213000    [1.42e-06]    [1.40e-06]    [5.99e-02]    
214000    [1.48e-06]    [1.49e-06]    [6.07e-02]    
215000    [1.41e-06]    [1.38e-06]    [5.96e-02]    
216000    [1.43e-06]    [1.40e-06]    [5.98e-02]    
217000    [1.52e-06]    [1.49e-06]    [6.06e-02]    
218000    [1.40e-06]    [1.37e-06]    [5.94e-02]    
219000    [1.52e-06]    [1.50e-06]    [6.07e-02]    
220000    [1.40e-06]    [1.39e-06]    [5.95e-02]    
221000    [1.40e-06]    [1.38e-06]    [5.94e-02]    
222000    [1.41e-06]    [1.39e-06]    [5.94e-02]    
223000    [1.39e-06]    [1.38e-06]    [5.92e-02]    
224000    [1.48e-06]    [1.46e-06]    [6.04e-02]    
225000    [1.52e-06]    [1.49e-06]    [6.07e-02]    
226000    [1.36e-06]    [1.35e-06]    [5.89e-02]    
227000    [1.39e-06]    [1.38e-06]    [5.92e-02]    
228000    [1.42e-06]    [1.40e-06]    [5.93e-02]    
229000    [1.40e-06]    [1.38e-06]    [5.90e-02]    
230000    [1.61e-06]    [1.55e-06]    [6.12e-02]    
231000    [1.38e-06]    [1.36e-06]    [5.88e-02]    
232000    [1.44e-06]    [1.43e-06]    [5.96e-02]    
233000    [1.46e-06]    [1.45e-06]    [6.00e-02]    
234000    [1.36e-06]    [1.34e-06]    [5.85e-02]    
235000    [1.37e-06]    [1.35e-06]    [5.86e-02]    
236000    [1.38e-06]    [1.36e-06]    [5.87e-02]    
237000    [1.43e-06]    [1.42e-06]    [5.94e-02]    
238000    [1.36e-06]    [1.35e-06]    [5.84e-02]    
239000    [1.39e-06]    [1.38e-06]    [5.87e-02]    
240000    [1.40e-06]    [1.38e-06]    [5.88e-02]    
241000    [1.35e-06]    [1.33e-06]    [5.84e-02]    
242000    [1.39e-06]    [1.36e-06]    [5.86e-02]    
243000    [1.38e-06]    [1.37e-06]    [5.88e-02]    
244000    [1.41e-06]    [1.38e-06]    [5.86e-02]    
245000    [1.34e-06]    [1.31e-06]    [5.79e-02]    
246000    [1.41e-06]    [1.39e-06]    [5.87e-02]    
247000    [1.36e-06]    [1.34e-06]    [5.81e-02]    
248000    [1.38e-06]    [1.35e-06]    [5.83e-02]    
249000    [1.34e-06]    [1.32e-06]    [5.79e-02]    
250000    [1.37e-06]    [1.36e-06]    [5.83e-02]    
